$SPEC_ID:
GammaMRI
$SPEC_REM:
DET# 1
DETDESC# DET1
AP# Maestro Version 7.01
$DATE_MEA:
03/11/2023 11:34:40
$MEAS_TIM:
14966.347 15000
$DATA:
0 16383
2
0
1
1
0
0
0
0
0
0
0
0
0
0
0
0
0
0
0
0
0
0
0
0
0
0
0
0
0
0
0
0
0
0
0
0
0
0
0
0
0
0
0
0
0
0
0
0
0
0
0
0
0
0
0
0
0
0
0
0
0
0
0
0
0
0
0
0
0
0
0
0
0
0
0
0
1
0
0
0
0
0
0
0
0
0
2
2
1
3
1
2
4
1
3
5
9
10
19
15
14
24
28
30
29
37
35
36
54
41
53
69
83
77
104
95
104
122
143
141
148
168
193
200
196
204
215
255
254
275
278
306
256
304
332
312
296
359
345
358
342
321
345
350
363
361
368
384
371
405
367
365
406
385
360
409
412
391
417
384
428
414
422
392
389
401
406
428
410
414
415
445
398
414
403
399
419
468
429
426
407
395
419
463
470
419
431
421
455
468
396
420
456
413
449
448
424
483
426
443
453
412
449
460
460
449
405
443
433
414
456
431
476
467
447
456
455
435
463
489
457
450
430
481
449
445
495
467
461
467
444
471
474
453
494
513
457
465
485
461
469
488
479
504
463
454
472
437
464
470
482
481
461
500
468
500
454
451
472
473
492
479
454
485
464
479
467
488
483
499
489
469
483
483
484
470
463
465
491
469
499
483
491
471
504
515
524
516
496
484
517
480
516
523
457
523
494
527
462
542
500
529
482
499
543
515
501
514
514
511
504
505
567
518
494
539
491
544
571
525
525
558
521
508
516
557
526
577
519
543
520
538
582
555
534
589
547
572
574
589
561
554
562
579
599
602
586
608
570
587
612
609
596
620
614
599
617
616
662
605
631
657
650
654
700
651
665
681
674
630
660
680
658
666
677
656
639
653
683
643
632
649
716
682
663
713
696
682
666
738
728
724
710
713
746
748
729
746
738
712
718
726
757
761
729
797
741
757
767
803
739
761
792
807
826
792
818
811
828
836
829
898
905
990
939
936
900
901
839
871
870
869
960
985
1211
1325
1307
1206
1129
1110
1024
926
945
854
933
940
1010
1072
1202
1124
1061
1010
1027
913
918
900
873
883
879
854
902
923
944
898
839
925
898
890
923
929
919
924
934
929
912
944
966
935
959
981
940
919
956
988
971
980
1003
968
962
1037
1088
1071
1150
1090
1173
1046
1081
1068
1064
980
983
966
1060
1020
1036
1168
1114
1163
1171
1106
1090
1156
1063
1087
1040
1003
1125
986
996
1018
1058
1155
1079
1062
1114
1084
1048
999
1086
1003
1029
1046
1086
1003
1123
1095
1121
1094
1142
1147
1225
1152
1165
1108
1117
1079
1048
1049
1086
1060
1041
1016
1080
1063
1069
1067
1095
1088
1004
1060
1066
1055
1048
1074
1074
1032
1088
1079
1052
1073
1111
1031
1132
1098
1107
1116
1115
1133
1154
1118
1129
1121
1087
1110
1075
1123
1111
1144
1085
1129
1151
1119
1106
1023
1078
1068
1118
1106
1156
1176
1132
1120
1147
1157
1148
1114
1159
1074
1108
1140
1099
1143
1200
1107
1093
1146
1135
1226
1120
1150
1128
1142
1158
1069
1125
1124
1120
1121
1104
1182
1106
1183
1172
1193
1220
1150
1164
1193
1068
1180
1191
1135
1182
1194
1200
1102
1152
1137
1186
1169
1138
1165
1163
1162
1148
1161
1132
1167
1177
1135
1109
1171
1160
1186
1187
1153
1155
1136
1159
1205
1138
1172
1178
1210
1156
1151
1139
1148
1166
1156
1129
1203
1154
1181
1196
1128
1188
1132
1144
1111
1140
1173
1188
1213
1161
1138
1092
1145
1155
1202
1193
1160
1142
1181
1135
1200
1090
1182
1128
1169
1161
1161
1096
1192
1132
1140
1104
1147
1123
1095
1169
1165
1215
1137
1100
1158
1142
1125
1113
1123
1128
1076
1169
1108
1137
1137
1133
1069
1103
1119
1117
1058
1068
1102
1176
1145
1140
1153
1154
1148
1109
1134
1175
1145
1149
1103
1108
1149
1178
1100
1099
1093
1121
1078
1069
1116
1048
1072
1081
1147
1181
1117
1065
1053
1049
1059
1067
1081
1015
1049
1079
1093
1071
1017
1073
1052
1085
1047
1096
1032
1071
1094
1035
1010
1057
1112
1023
1005
1131
1066
991
1007
1056
1060
1000
1006
1081
1046
1075
1075
1061
1064
1034
1069
1077
998
1099
996
1083
1030
1000
1044
1058
1073
1073
998
1018
1001
1087
988
1055
1018
1040
1041
1013
1072
918
1053
1002
983
1002
970
1007
984
1026
1030
1049
1003
1030
1013
960
986
1019
965
998
934
986
1047
981
995
961
990
954
995
1046
1004
960
1034
1037
1017
1028
1011
986
956
989
938
929
976
919
991
986
991
964
981
1035
923
958
987
999
968
1094
950
945
982
939
938
962
954
966
957
925
904
947
903
952
939
902
987
924
942
942
891
915
945
912
949
934
905
863
913
926
891
912
910
917
953
906
964
947
923
912
871
955
873
861
833
860
867
880
883
874
879
889
886
917
911
847
879
889
883
821
895
865
866
873
873
849
917
894
908
898
863
856
874
866
882
885
838
908
890
852
858
830
864
882
797
877
865
861
860
872
835
843
829
911
853
848
883
826
826
903
859
781
798
868
806
812
801
887
859
828
836
856
786
853
840
764
849
823
789
820
850
844
875
816
814
833
823
806
867
789
791
819
816
809
829
740
806
808
852
809
795
756
880
790
834
818
775
777
752
801
749
785
795
794
778
821
768
829
778
780
770
786
723
785
727
804
781
791
764
794
792
809
781
781
779
763
766
733
744
717
822
771
829
853
867
874
914
920
915
896
846
849
805
770
782
742
786
729
770
749
759
767
765
721
771
739
733
699
716
738
707
694
730
736
714
758
720
719
712
699
725
706
732
756
759
726
688
700
756
745
660
702
747
704
719
696
726
726
701
708
725
731
764
707
701
706
693
637
724
695
702
682
726
707
711
684
661
723
681
722
678
707
714
718
721
689
696
704
629
680
611
651
675
682
729
723
673
672
634
656
644
694
670
659
648
656
637
721
724
687
653
682
620
677
662
698
678
670
669
678
680
675
696
654
698
662
650
639
672
622
659
708
634
649
641
647
611
674
713
660
710
701
706
732
727
719
745
700
715
674
735
683
671
661
674
644
648
659
676
685
712
687
642
655
623
697
658
667
670
666
628
685
633
642
628
675
661
646
700
663
700
686
685
649
686
654
658
668
705
654
681
596
622
663
626
614
685
693
664
638
615
615
629
634
604
680
648
636
666
662
652
642
641
611
618
636
616
631
606
615
612
644
608
649
630
637
603
670
650
585
657
601
623
623
588
597
603
570
654
601
603
601
610
581
607
602
579
624
616
609
597
586
626
602
596
622
572
584
561
543
556
519
568
569
571
611
622
549
595
578
553
613
579
583
576
604
566
574
549
582
564
588
552
563
578
596
588
578
585
611
601
552
587
559
590
592
550
592
565
564
618
562
546
545
543
573
562
557
612
638
783
870
1033
1151
1331
1377
1220
1035
903
757
625
614
568
519
548
630
611
588
592
604
617
646
691
663
729
712
651
602
614
499
523
530
519
543
537
506
508
483
550
481
478
525
486
521
516
494
482
490
536
523
497
517
496
456
478
475
489
461
467
458
507
467
481
518
508
476
490
506
530
504
484
514
507
514
497
474
503
525
497
527
466
468
480
454
475
469
473
476
496
484
479
476
442
460
439
441
436
450
468
460
478
499
480
498
496
485
489
504
499
498
454
457
445
469
459
462
456
470
478
461
446
465
483
462
441
415
472
444
460
447
434
472
464
479
439
431
450
463
413
443
425
446
429
481
421
479
437
481
425
424
420
425
426
485
432
459
442
424
461
451
469
434
439
454
446
430
433
470
430
432
368
420
417
438
432
473
427
433
397
450
465
426
457
476
434
497
471
493
459
464
465
446
456
447
466
427
435
402
458
412
405
410
395
400
429
405
434
439
393
436
432
418
444
446
416
432
430
413
428
413
396
400
426
443
407
441
448
423
405
480
427
439
453
446
419
417
457
451
422
439
405
414
387
420
408
405
393
444
401
369
393
386
374
417
369
367
405
407
402
376
387
419
385
387
369
371
427
394
400
424
376
364
439
416
386
405
401
409
374
419
399
398
397
423
419
359
405
423
416
391
403
403
407
385
406
359
392
373
397
399
374
392
390
389
388
389
377
384
378
391
354
402
389
378
383
408
399
387
374
394
406
386
415
372
383
418
402
390
464
410
477
568
626
715
742
800
780
693
641
532
456
403
417
375
371
385
381
355
388
404
358
341
351
378
381
403
351
382
388
352
361
379
427
410
425
402
380
409
400
371
334
365
387
360
374
377
350
322
348
350
353
382
389
361
352
366
354
349
340
379
331
332
342
345
347
380
326
351
322
356
359
321
358
350
344
323
355
369
334
341
378
344
328
366
363
382
329
325
370
359
343
371
316
339
335
360
367
355
334
381
350
375
333
339
344
351
343
333
329
333
367
324
340
295
330
374
321
322
381
316
341
335
337
318
324
338
365
295
358
322
356
325
285
347
385
328
317
322
330
328
337
295
314
327
301
341
321
318
321
336
305
319
322
302
333
352
328
373
322
317
329
314
368
290
300
314
261
348
314
294
334
293
299
284
304
345
289
284
287
315
277
288
291
280
304
313
342
299
316
308
290
322
304
337
376
384
373
404
386
368
358
345
323
338
319
327
319
306
311
320
298
326
281
296
281
327
280
315
324
277
282
317
292
307
308
313
335
306
348
318
295
309
307
311
333
321
282
295
298
269
313
288
279
303
280
290
308
304
265
308
299
329
347
383
433
461
495
489
447
450
382
329
334
356
291
308
281
280
254
296
288
315
310
284
286
275
275
285
240
281
271
276
317
267
266
293
299
273
272
288
284
252
269
300
288
281
287
322
290
279
275
291
299
267
316
276
284
289
274
303
288
275
294
264
255
292
270
280
251
265
298
284
279
291
306
299
267
279
300
354
399
466
626
724
919
1040
1091
1019
885
712
601
475
375
349
296
274
271
255
259
255
251
264
266
273
221
261
261
282
270
261
262
243
282
217
245
283
244
234
245
226
257
234
271
225
234
228
253
240
239
255
257
248
245
292
258
270
249
275
254
226
230
258
260
231
261
260
282
254
256
254
246
253
261
250
238
241
233
229
281
254
246
272
248
243
231
250
276
227
254
231
273
243
241
215
245
249
220
226
253
246
256
237
219
219
242
250
234
241
231
258
221
243
249
235
215
228
214
246
237
248
260
244
239
179
253
266
234
255
226
220
231
241
226
220
214
237
240
257
225
248
249
222
238
216
245
232
222
234
238
226
254
210
222
229
215
229
270
229
225
268
225
218
224
252
229
280
220
246
249
247
215
239
222
238
205
238
231
209
227
206
245
225
239
251
223
229
232
232
226
237
227
215
260
226
223
230
228
216
210
213
256
230
232
215
244
206
259
219
197
233
262
218
257
216
226
217
219
247
257
239
224
214
238
262
221
234
242
234
199
230
209
217
213
227
224
224
217
210
222
240
258
213
222
222
201
212
249
237
216
206
231
209
219
216
237
231
223
258
212
220
194
224
230
199
226
237
215
217
197
231
212
218
231
188
246
231
234
230
221
234
243
213
222
209
213
215
191
241
217
200
237
236
239
211
226
230
218
220
219
220
208
247
213
239
198
219
245
212
230
221
214
222
217
214
195
224
232
195
217
250
233
202
216
236
217
224
212
197
228
197
229
196
227
200
203
212
223
221
240
248
256
225
230
244
249
257
210
216
216
232
200
202
194
200
198
205
225
199
213
219
195
218
195
177
181
226
196
194
202
213
194
205
201
206
208
205
217
200
187
207
198
213
201
201
200
219
199
203
205
184
200
189
186
203
216
221
200
193
191
198
199
214
198
189
209
198
222
174
192
196
190
209
190
228
190
181
205
182
196
218
191
189
217
189
188
223
210
228
190
232
213
205
213
202
172
212
225
234
180
213
205
201
185
185
215
210
190
232
185
201
186
215
221
187
207
198
199
180
189
216
235
172
195
190
193
213
217
179
192
194
197
205
175
209
203
228
199
175
189
199
195
193
220
205
200
198
199
183
185
198
178
179
226
191
170
198
204
185
198
186
174
190
184
201
198
187
203
182
171
200
215
213
197
238
198
191
212
226
192
184
208
200
205
177
179
197
171
166
155
194
189
184
191
182
186
185
186
219
198
192
173
178
188
186
195
180
192
170
182
199
201
189
177
188
191
187
170
167
168
205
186
194
212
178
180
193
206
171
173
183
169
202
199
180
190
206
196
206
198
205
198
173
163
192
181
185
226
200
175
172
186
199
190
187
190
180
188
200
180
179
178
185
171
185
199
194
182
185
198
206
176
182
178
184
199
203
188
178
170
186
183
181
200
154
166
186
177
188
164
187
193
188
200
180
186
165
169
199
187
173
169
188
179
210
183
208
205
187
212
256
235
222
223
246
234
202
195
218
223
152
180
201
178
177
159
192
180
179
192
175
196
155
177
182
169
193
156
167
197
178
178
169
184
195
187
202
160
201
176
188
186
174
173
190
190
200
186
162
172
177
195
176
161
159
170
196
200
193
175
182
150
184
170
154
168
179
185
201
189
182
182
172
157
164
184
181
168
173
157
176
184
178
147
146
173
179
199
155
181
180
163
178
180
200
182
169
190
158
180
182
191
178
177
166
153
177
163
181
167
145
163
171
176
177
168
176
181
181
171
160
181
175
181
160
161
168
152
184
159
183
151
183
156
177
178
196
198
180
167
187
184
176
200
192
188
174
158
173
187
175
174
170
171
170
174
190
167
176
188
148
162
162
173
193
167
185
181
158
146
149
180
149
168
147
151
161
143
176
177
159
156
170
165
148
183
176
186
173
202
165
139
169
172
166
168
150
181
174
164
159
174
164
150
174
175
168
159
173
160
185
169
180
157
162
155
161
156
180
164
139
164
160
157
160
164
174
146
170
157
162
168
176
179
176
160
151
159
150
140
159
147
165
164
161
140
141
181
147
184
150
171
150
170
172
152
179
143
163
150
190
186
205
178
194
202
216
229
231
276
282
337
370
409
475
515
656
615
711
716
761
717
623
624
558
475
441
414
390
327
277
245
225
232
197
212
175
177
174
174
174
164
160
171
144
155
172
179
166
155
164
148
141
146
155
141
155
161
170
146
158
152
139
150
139
170
152
157
149
142
148
158
174
141
149
112
161
145
164
140
131
144
154
154
138
133
156
153
164
138
133
155
119
162
142
145
158
143
134
145
135
150
141
145
150
109
149
138
162
154
188
158
160
156
173
142
145
136
162
165
117
172
163
146
149
160
162
154
159
161
160
159
147
155
155
150
150
154
148
172
139
154
137
136
173
137
138
153
123
135
135
160
141
178
143
126
130
134
141
165
140
129
141
133
153
173
151
140
123
145
160
137
139
163
161
156
142
156
154
145
159
151
154
167
168
165
144
160
157
136
133
141
140
135
154
138
127
142
149
146
154
129
149
167
139
153
146
151
149
143
138
153
158
159
135
138
125
163
144
146
158
153
158
161
136
151
185
127
152
167
146
156
151
188
139
151
153
157
142
156
159
142
146
168
144
144
137
130
174
163
153
171
140
159
139
142
159
131
152
137
156
145
136
135
146
152
132
148
139
157
160
147
171
135
159
144
146
154
127
147
124
165
146
162
133
141
151
180
157
131
141
129
139
132
128
154
154
153
136
153
147
164
152
155
146
141
148
131
140
146
136
141
157
121
155
139
154
152
152
160
156
171
136
155
149
159
145
173
144
145
139
127
138
147
133
160
159
185
139
156
141
163
140
146
126
154
138
151
129
149
121
154
138
133
151
133
156
162
169
171
165
182
172
162
162
175
185
149
154
155
155
148
170
135
149
132
127
154
161
139
145
151
144
143
139
148
154
122
136
154
159
138
164
165
150
140
146
147
138
140
155
153
132
127
146
147
131
133
158
128
148
167
146
143
155
155
165
143
130
132
156
140
155
154
140
149
146
144
151
157
143
157
139
173
177
216
269
319
413
439
494
503
508
493
430
336
255
237
187
166
150
148
158
160
134
157
133
159
152
149
148
147
141
133
117
126
151
127
132
125
122
137
146
156
117
143
147
147
122
129
113
134
148
141
146
136
150
142
124
139
122
126
134
120
141
156
141
144
144
152
139
116
150
146
138
133
135
134
143
154
131
147
142
148
159
136
138
153
145
140
135
152
161
128
135
127
130
139
128
136
136
142
145
148
125
136
149
123
121
145
135
128
145
146
149
146
136
127
120
137
110
128
143
140
138
126
136
121
155
149
125
136
137
126
137
122
127
130
139
132
148
149
126
129
142
135
144
126
136
158
125
144
155
149
152
190
190
265
310
477
632
729
877
985
925
869
751
632
484
410
281
239
194
160
135
142
116
155
139
146
133
136
133
123
134
130
118
120
132
143
124
135
140
131
148
117
148
132
111
129
133
136
150
140
133
123
138
113
145
113
142
138
128
134
126
128
135
120
127
127
144
142
128
113
139
115
134
121
133
132
155
119
152
129
137
145
146
123
126
157
134
140
116
134
136
140
136
138
111
106
127
110
145
97
131
124
128
117
153
123
106
106
125
126
113
134
155
134
146
124
149
144
126
121
137
124
131
121
117
133
129
116
142
148
109
144
124
113
117
125
145
135
143
128
125
132
126
130
128
143
138
137
120
119
150
135
118
122
162
116
119
128
111
127
131
126
138
134
127
124
132
137
141
109
131
128
138
112
110
138
130
108
154
128
122
125
119
122
125
152
129
141
129
143
149
139
118
130
122
134
124
125
135
124
119
122
132
119
117
121
123
127
127
116
133
92
101
126
106
123
123
140
147
144
138
126
135
130
108
113
126
126
112
125
137
111
132
126
127
129
131
139
141
125
142
135
144
124
142
137
124
128
110
144
153
117
136
126
141
113
126
144
138
126
135
143
138
138
128
117
124
148
120
110
126
132
130
134
137
144
134
120
137
137
120
133
144
120
113
121
149
124
124
127
138
128
153
119
135
110
106
114
131
138
123
131
117
158
120
122
137
129
140
140
148
156
147
162
151
168
188
147
134
140
132
146
153
135
131
123
126
133
130
118
130
130
133
138
125
138
160
152
182
168
172
162
144
97
125
148
119
131
117
140
126
101
124
116
136
119
129
144
129
124
156
130
138
138
132
143
149
133
131
114
118
121
124
142
154
128
122
114
118
96
113
123
139
130
153
121
121
138
133
143
129
129
142
143
106
131
143
127
131
120
119
128
128
151
118
150
144
113
143
122
125
125
115
120
140
145
123
146
129
142
129
138
134
139
136
136
115
114
119
135
114
133
134
127
133
140
119
123
137
142
133
120
126
124
124
118
134
117
106
124
124
111
113
127
133
106
121
123
137
142
122
140
146
131
151
119
139
128
123
118
135
137
154
107
128
114
123
117
126
122
124
123
139
129
127
114
112
139
126
140
130
133
131
135
148
140
141
106
135
115
144
113
135
123
129
109
136
133
111
133
138
132
147
136
132
113
146
114
134
141
128
133
171
131
134
126
125
119
115
130
150
133
150
126
128
142
128
129
123
121
127
150
141
144
129
139
126
127
131
138
120
130
106
131
134
116
136
144
151
143
151
119
143
118
117
128
119
127
121
150
125
141
139
121
118
118
132
120
124
112
134
116
135
120
159
124
125
132
123
118
110
132
137
105
125
125
127
145
140
137
129
143
115
130
133
143
147
124
119
115
127
134
130
125
145
135
141
118
131
113
129
135
143
122
115
135
112
132
143
133
124
136
125
138
111
135
122
143
135
140
149
132
142
143
142
126
131
150
122
139
118
130
128
142
130
145
121
136
121
126
125
127
139
122
128
137
162
115
136
142
119
146
142
138
125
122
132
124
128
121
123
128
150
101
103
144
135
144
141
134
139
137
169
159
166
193
205
202
207
191
209
195
193
158
176
160
149
139
133
103
124
131
128
127
131
144
150
131
108
110
106
119
129
139
133
132
153
137
115
133
128
153
127
134
139
143
124
123
134
119
129
138
120
140
147
127
146
132
116
133
110
134
136
114
131
113
115
119
124
137
138
130
121
147
144
133
129
128
127
136
135
108
127
122
123
134
125
145
145
137
144
135
121
112
110
141
125
141
129
120
120
140
134
137
130
137
128
148
125
140
121
128
125
120
114
128
151
166
140
111
127
124
124
138
126
134
129
124
126
123
124
121
118
141
132
134
117
152
130
127
137
129
139
141
119
143
123
142
114
145
136
130
137
154
140
137
134
126
132
137
133
141
123
142
146
133
150
119
161
130
129
148
137
139
163
136
148
132
151
139
142
128
114
126
151
139
133
126
123
147
108
129
113
127
145
132
113
145
119
108
118
120
130
126
157
133
110
133
112
144
139
113
121
153
144
141
145
119
122
145
123
126
137
145
129
128
117
118
134
147
151
129
150
130
129
131
133
134
132
146
152
197
154
181
177
205
211
194
199
210
178
176
174
155
138
149
152
118
132
125
133
136
131
135
147
134
139
160
149
155
125
136
152
154
129
145
135
132
112
133
143
142
119
129
127
125
127
150
133
134
125
139
135
129
125
170
130
142
114
114
131
123
106
132
124
132
136
134
130
140
115
125
125
144
113
150
124
136
133
118
122
134
119
134
141
123
156
113
156
134
95
135
144
118
117
112
117
138
126
146
130
130
132
143
163
150
155
162
158
167
143
141
141
128
125
139
117
126
111
125
139
156
142
130
130
120
148
178
124
158
132
121
118
125
140
139
135
129
114
136
114
132
126
119
147
121
115
161
129
118
127
127
131
114
136
140
141
148
162
179
190
193
187
166
177
131
163
141
133
154
136
146
126
122
148
146
121
138
146
150
125
135
122
152
132
118
132
127
156
126
108
116
136
119
130
151
135
155
131
123
141
133
111
125
130
137
151
154
112
139
131
138
121
148
120
155
152
143
130
128
133
153
124
174
145
161
157
154
138
152
131
128
135
138
140
148
124
131
134
132
143
128
133
132
159
110
136
137
130
125
130
126
122
128
116
147
127
129
123
123
138
117
126
126
134
103
141
145
122
133
144
145
152
128
146
150
142
118
116
122
133
147
131
131
123
131
124
124
124
130
129
151
137
129
140
163
134
133
141
134
134
127
139
143
150
133
161
159
153
181
153
142
144
176
154
173
166
187
182
130
131
142
148
141
132
142
131
129
130
110
143
148
151
130
160
147
139
130
142
143
144
140
132
152
132
131
136
147
128
144
130
130
152
142
101
141
147
144
155
145
143
137
145
126
159
137
146
133
150
146
154
130
133
162
118
133
130
129
147
147
153
111
154
148
132
129
147
132
130
134
142
161
155
144
154
168
158
179
151
151
154
171
149
163
136
131
143
146
151
157
130
141
130
145
143
142
153
126
154
153
128
165
149
139
175
166
148
140
136
134
160
147
133
148
151
127
140
155
139
129
136
150
160
130
150
161
141
124
153
117
138
136
120
142
140
119
129
140
152
154
117
157
155
159
162
140
135
146
154
137
134
131
176
165
148
130
141
159
151
140
145
151
146
110
160
149
149
151
155
164
148
150
124
131
139
143
142
131
145
135
146
127
153
114
133
151
145
139
162
134
133
139
141
143
154
138
143
145
146
144
128
148
150
133
144
154
131
147
139
144
154
152
169
131
142
169
178
166
188
173
177
175
172
193
184
193
168
183
168
129
164
167
147
143
129
153
160
164
147
136
145
122
156
140
151
149
148
146
143
146
152
166
149
155
153
144
151
146
145
168
164
148
132
143
148
153
151
133
120
127
121
131
141
130
167
149
138
139
129
144
131
162
142
156
155
150
121
138
151
166
139
145
134
154
162
147
143
142
137
130
156
140
143
169
144
166
127
140
133
145
152
134
147
162
152
162
150
134
168
169
149
154
148
153
152
150
152
164
136
134
145
144
162
137
147
139
174
135
144
159
143
152
137
187
150
157
156
162
156
165
149
156
146
155
162
150
147
153
162
173
193
146
159
157
146
164
150
148
139
135
141
161
149
165
150
162
149
121
157
136
144
153
156
144
152
157
147
154
147
159
146
156
161
162
162
180
170
143
173
155
148
150
158
151
149
147
163
152
168
169
144
164
190
173
148
164
187
185
175
178
118
147
164
191
161
162
165
162
164
162
164
156
170
158
149
140
165
166
148
142
148
166
161
160
149
159
176
147
141
168
161
158
184
158
132
133
177
166
164
157
153
167
185
171
134
159
180
150
164
156
142
158
168
151
162
175
173
163
152
141
164
183
204
168
169
174
165
181
163
168
172
152
171
181
156
174
160
142
166
152
186
160
167
145
177
162
185
177
200
204
267
352
340
407
415
460
462
388
439
385
310
307
273
234
198
182
173
171
173
179
173
162
148
162
163
166
185
156
176
193
159
172
181
149
160
155
159
139
167
154
166
158
191
160
149
181
146
144
176
148
171
158
180
162
174
189
189
167
160
177
178
183
164
174
192
159
158
177
169
159
178
172
185
178
148
190
164
173
168
179
189
173
171
177
170
190
180
192
184
173
155
163
169
171
165
156
156
171
149
181
173
177
169
178
181
180
167
186
184
180
183
169
166
166
159
162
170
186
172
176
179
153
158
176
144
182
206
194
176
171
176
194
172
194
181
181
184
240
210
243
210
231
203
203
208
224
167
202
190
172
188
184
173
173
170
152
180
178
181
174
178
193
180
183
167
168
163
184
162
198
206
180
178
188
182
150
190
184
199
184
191
160
187
196
160
188
180
167
170
189
159
176
183
173
189
179
205
208
206
171
181
168
181
172
191
180
178
190
187
184
178
208
205
165
192
181
174
193
171
191
171
206
221
220
188
186
191
204
175
156
191
202
185
182
202
175
202
168
202
165
166
176
192
161
194
211
162
168
182
200
161
209
183
166
179
177
189
183
195
158
184
174
188
179
174
176
206
153
194
176
202
165
181
164
183
188
198
208
171
194
185
173
176
211
186
185
169
179
198
179
172
186
173
192
179
200
184
170
170
184
198
178
158
165
172
161
181
174
201
169
164
197
170
178
204
175
221
218
218
219
196
195
179
183
178
158
162
174
170
151
159
161
153
161
166
153
184
228
212
262
313
314
293
300
319
268
270
223
230
205
167
168
164
151
170
144
155
149
140
155
140
139
147
160
135
138
154
143
146
139
137
148
136
146
136
129
148
143
144
138
131
144
154
149
131
136
159
141
151
139
159
145
127
133
141
148
136
160
166
137
121
145
146
129
149
143
152
143
141
145
126
145
142
145
122
125
138
171
138
139
140
122
136
128
121
116
139
162
138
135
120
131
143
139
148
136
141
127
123
138
132
140
137
150
131
146
139
150
144
138
130
140
118
130
146
146
138
155
136
145
133
149
132
153
142
150
131
119
134
158
151
129
141
144
121
153
130
137
141
144
112
135
145
155
162
139
131
137
141
137
140
125
140
125
144
137
120
150
127
128
130
119
133
161
118
123
150
152
116
140
110
141
125
124
114
139
157
116
137
143
140
130
142
129
133
142
140
146
157
135
148
147
174
130
132
157
131
144
152
131
136
129
141
131
139
147
128
126
116
126
133
134
127
133
140
135
141
126
143
147
136
131
117
145
135
145
114
133
115
132
127
113
118
124
136
138
124
122
130
117
127
131
140
123
137
139
139
136
118
141
138
153
141
160
137
146
124
125
136
143
118
120
121
109
115
127
138
128
146
122
123
135
129
127
139
124
124
126
128
127
173
111
139
138
139
136
119
124
131
140
134
135
141
151
151
133
122
148
132
148
106
141
147
124
122
124
131
133
129
133
119
132
133
119
125
111
130
122
125
120
140
137
140
114
122
118
108
123
129
119
128
115
134
140
141
111
110
127
105
101
129
123
134
134
118
138
115
126
146
136
111
135
140
143
145
125
138
111
111
128
148
129
142
124
127
137
130
125
115
116
128
118
124
111
130
116
135
131
135
140
131
134
111
117
133
136
127
112
131
125
105
123
116
109
126
128
127
127
109
119
114
126
122
141
128
135
118
129
127
132
141
123
126
142
126
129
128
124
149
124
121
124
113
124
141
103
128
127
110
112
115
120
117
131
111
105
153
136
108
117
119
120
128
118
143
118
131
121
115
127
127
133
114
104
112
133
116
126
128
132
130
130
116
134
125
127
104
148
107
112
126
99
124
141
132
135
110
117
118
116
122
133
138
124
108
137
116
124
110
116
140
122
122
114
130
122
125
119
111
103
138
108
119
113
121
109
120
127
125
99
124
110
120
111
114
139
129
144
119
112
104
117
118
128
137
120
139
136
107
127
111
119
120
123
102
130
123
137
125
108
124
109
107
125
102
104
127
131
118
114
133
158
148
170
151
141
165
172
136
118
129
139
135
148
129
146
109
113
128
127
116
128
119
110
117
138
121
127
137
134
94
138
108
117
126
125
90
117
129
129
124
130
122
123
125
97
120
124
118
113
108
138
125
118
122
113
132
104
99
115
124
118
117
118
113
108
125
109
111
100
133
105
124
121
135
115
125
116
135
117
123
133
119
126
121
133
127
120
140
121
131
137
126
122
136
125
115
117
130
127
113
123
133
129
97
112
120
122
127
109
125
138
159
116
116
113
119
109
106
116
114
136
108
111
126
124
115
118
120
110
89
105
132
113
141
127
111
125
136
108
135
124
133
105
110
119
115
112
105
102
124
133
134
121
149
137
136
137
113
126
120
127
128
109
124
139
127
124
105
129
140
105
137
122
150
136
119
136
128
127
136
146
135
126
120
143
121
116
124
123
112
131
140
139
135
118
156
122
132
129
131
121
142
115
116
126
117
127
129
104
117
144
139
125
130
116
111
122
110
129
108
136
116
133
119
122
135
118
128
126
135
120
135
130
118
116
125
137
147
107
132
119
132
122
119
124
133
124
135
125
138
142
142
122
125
138
128
129
126
125
127
133
134
129
129
118
124
99
144
125
134
128
117
115
154
127
123
118
139
138
123
123
131
109
126
137
128
135
131
99
106
127
99
126
114
122
101
137
140
115
101
123
136
116
115
134
122
119
125
130
102
112
128
128
111
103
113
113
110
148
115
117
115
119
109
126
146
141
169
188
261
264
282
316
309
301
300
252
212
188
164
150
140
132
109
95
93
85
111
98
104
103
85
97
91
89
92
85
108
107
98
87
115
104
84
98
84
101
94
95
72
79
90
99
81
91
96
79
87
80
97
80
79
93
86
91
101
67
78
102
90
85
92
87
93
103
95
83
78
81
84
73
83
90
74
86
79
88
77
91
77
89
95
86
76
92
77
96
81
91
87
95
90
94
87
75
95
94
86
82
65
86
95
110
92
71
69
82
84
96
83
87
88
92
80
78
96
91
83
86
90
89
68
78
86
85
93
87
77
82
78
77
76
82
71
94
96
97
88
79
104
64
71
81
83
66
70
78
92
78
77
87
72
73
73
73
81
73
70
87
71
64
86
85
75
78
89
80
92
79
72
79
90
73
78
81
86
65
74
84
74
80
67
93
95
74
80
87
68
65
87
77
69
71
87
80
78
61
78
83
72
91
78
88
88
92
87
96
90
95
80
90
98
94
75
87
73
66
64
80
66
71
62
81
85
86
67
79
78
74
81
79
68
74
71
65
77
71
63
65
83
63
76
67
65
76
70
62
64
77
73
76
81
80
88
75
65
75
65
91
77
71
61
78
57
64
81
74
76
59
80
76
70
79
74
69
78
89
73
83
71
87
82
78
68
62
73
82
75
53
81
76
71
70
84
112
97
153
202
315
483
764
1276
1915
2672
3826
5048
6397
7661
8684
9208
9209
9014
8127
7151
5868
4533
3348
2406
1681
1106
709
465
302
195
136
102
83
68
63
54
61
70
66
61
66
50
77
60
62
77
53
64
59
60
60
59
55
65
61
67
59
53
71
60
65
66
58
65
69
71
56
54
51
79
71
62
47
63
47
52
49
64
58
67
65
69
54
52
67
61
51
60
58
63
56
50
70
53
56
69
60
50
44
51
52
63
54
52
47
49
59
72
57
42
64
53
63
34
49
64
46
48
55
65
41
59
47
52
58
69
53
85
61
56
50
60
60
54
67
59
57
63
45
61
57
55
67
50
63
44
66
47
68
66
53
51
57
63
60
62
56
54
49
49
41
52
44
44
70
60
54
56
52
51
49
51
56
57
55
70
57
48
61
44
58
55
36
45
53
42
64
51
44
55
67
57
61
58
50
46
59
63
48
56
61
52
60
56
47
56
46
52
58
53
46
61
47
47
43
56
43
53
54
48
37
49
53
54
46
56
39
63
43
43
44
47
43
50
38
44
35
52
53
39
50
43
52
50
45
50
48
49
37
50
39
35
46
44
47
58
40
44
43
35
36
45
47
44
53
39
47
34
43
54
36
32
36
48
42
53
45
43
57
41
43
43
45
43
40
51
42
48
49
32
46
47
45
35
45
43
35
52
45
39
34
45
34
43
43
46
50
49
49
31
36
41
40
39
32
39
40
32
26
41
47
37
28
39
49
37
42
47
40
41
47
40
35
38
42
50
51
44
43
33
41
38
49
42
42
43
51
42
38
47
41
29
34
45
41
48
47
39
38
37
30
42
36
36
40
40
44
34
35
43
33
33
26
36
29
31
32
44
41
38
33
40
42
41
53
59
74
76
73
103
109
100
115
124
102
111
102
70
82
68
55
53
44
42
41
37
33
35
34
27
36
33
35
44
37
36
42
44
40
43
34
31
27
30
29
42
31
46
43
41
34
37
31
35
34
27
25
30
39
35
38
33
30
38
29
20
32
37
25
37
34
37
38
38
37
38
26
32
23
29
29
30
26
20
23
27
39
33
25
30
30
26
31
34
32
30
34
30
32
26
36
31
40
36
22
20
36
43
36
40
39
27
29
30
26
38
22
27
23
22
25
25
27
27
22
32
33
22
34
31
29
34
31
30
32
31
27
33
24
29
32
30
22
32
24
29
33
24
33
26
30
35
23
32
29
29
32
34
37
17
31
24
29
26
22
23
39
23
27
38
30
27
29
30
28
21
20
33
29
26
32
30
19
29
31
26
19
29
33
31
22
28
26
30
31
24
17
24
29
35
31
28
26
36
28
21
30
32
20
26
25
25
21
23
25
28
32
27
23
39
17
25
31
26
25
23
16
32
23
19
30
34
17
23
21
28
27
23
29
33
28
27
24
24
29
24
29
20
29
24
25
21
34
27
21
28
35
34
27
37
43
49
46
51
43
53
34
22
25
41
23
28
40
21
32
29
30
19
22
29
31
26
16
29
22
23
25
25
29
24
22
12
25
21
31
27
21
23
27
29
22
25
28
18
24
22
15
31
22
27
22
23
28
21
21
22
24
25
17
20
15
23
35
22
31
25
26
25
25
38
23
30
31
43
25
19
37
34
27
31
27
25
24
21
19
17
28
24
18
19
22
22
20
22
25
18
18
22
25
18
31
20
32
18
18
28
29
23
26
21
18
18
32
26
24
29
15
23
23
19
31
26
15
24
19
22
27
20
24
20
28
19
23
16
25
14
23
20
19
27
21
17
31
22
29
26
27
21
25
16
21
23
17
24
21
31
20
24
24
38
14
28
17
29
31
23
25
17
23
20
26
15
25
18
21
22
22
22
23
26
18
25
31
12
21
23
20
21
32
28
23
20
17
27
20
17
16
21
32
28
22
22
26
20
19
21
31
27
32
20
17
26
21
30
27
24
22
22
16
19
27
18
21
28
16
17
17
16
20
20
16
22
16
17
26
23
26
15
18
21
24
16
26
22
22
14
26
19
15
25
24
24
26
29
21
15
23
30
31
30
35
25
31
20
12
24
19
20
23
24
22
23
25
30
18
25
29
26
27
25
30
23
27
26
31
41
36
59
86
148
210
370
591
943
1419
2076
2950
3884
4954
5899
7058
7669
8129
8017
7724
6939
6083
4999
3849
2971
2059
1363
924
533
337
215
111
77
48
32
27
20
17
16
20
12
23
23
18
9
19
30
17
17
18
13
19
17
20
15
15
17
9
10
13
16
18
15
19
18
16
12
20
13
13
12
19
14
14
18
20
15
13
24
10
11
12
10
18
11
15
16
11
16
9
10
15
9
20
11
18
12
13
18
13
13
10
21
19
14
19
15
18
12
10
7
18
15
14
11
21
10
15
12
12
17
19
12
16
10
10
15
14
12
10
20
17
17
16
14
19
11
19
17
10
17
18
17
16
13
18
9
15
20
8
20
19
11
23
10
14
15
13
15
13
17
11
15
10
15
19
19
11
12
13
18
16
16
16
7
17
15
9
6
16
14
14
23
9
19
16
17
11
12
19
15
16
11
16
14
18
15
12
7
17
4
12
19
15
13
18
8
14
16
12
19
13
13
16
4
13
15
8
10
21
17
15
18
17
16
7
10
13
15
21
15
11
17
12
15
14
17
15
19
16
14
18
12
16
15
11
11
22
16
14
20
11
17
11
12
11
19
11
13
14
9
16
9
11
15
11
13
14
17
15
25
25
12
17
30
32
38
54
49
41
56
62
55
60
59
42
38
34
29
27
26
22
20
6
14
16
12
7
17
11
14
19
15
15
14
3
12
10
11
11
13
11
12
16
13
22
22
17
25
18
13
30
19
24
23
34
27
26
23
19
7
22
17
16
19
9
13
7
17
11
12
11
13
9
10
8
6
15
11
13
13
17
11
15
17
12
11
19
5
17
14
10
12
14
11
15
17
15
13
12
13
9
16
8
12
14
13
10
14
15
13
14
14
10
11
10
10
12
13
15
12
16
18
18
13
13
13
20
13
17
9
13
17
20
10
13
16
13
17
15
10
11
18
15
26
19
28
31
34
24
34
38
23
28
28
23
19
19
10
12
16
11
12
10
15
14
10
13
14
15
18
10
14
16
16
13
12
20
15
20
27
30
23
38
49
39
45
33
52
48
38
28
42
32
29
17
17
11
12
14
14
13
20
13
14
14
13
11
10
20
14
18
14
15
15
7
12
12
15
9
15
10
9
10
18
13
14
16
13
13
11
16
12
8
13
14
11
15
12
19
13
13
19
8
9
12
18
8
8
13
9
15
10
11
14
5
11
9
18
8
15
17
7
7
12
9
9
13
14
10
9
11
15
15
15
14
15
15
14
17
13
11
15
14
7
7
14
7
10
12
14
12
15
11
6
9
11
12
10
6
16
7
14
8
13
12
15
16
15
17
17
12
11
8
11
9
16
13
12
9
14
11
16
24
13
19
15
15
11
6
13
13
14
11
13
10
8
12
14
14
20
9
7
10
13
16
16
12
13
6
9
19
21
10
14
9
20
10
20
16
6
13
17
14
8
14
11
14
11
15
8
9
10
10
11
7
7
10
14
13
9
11
14
13
12
12
21
11
11
15
14
12
13
8
12
11
11
9
13
4
7
13
11
7
19
16
13
12
15
11
14
12
11
16
13
9
13
11
8
11
11
11
11
9
9
14
9
14
13
15
12
13
13
14
6
11
6
11
8
11
10
21
12
11
10
13
12
8
12
13
8
6
13
11
9
13
19
10
14
9
7
8
10
9
10
12
14
10
7
21
13
17
11
10
10
10
9
13
20
27
39
50
67
117
178
219
337
461
611
800
901
1090
1210
1270
1347
1270
1163
947
907
761
591
399
278
231
145
90
60
52
21
20
15
13
12
10
14
7
9
8
4
7
13
12
5
7
8
8
10
12
3
8
9
10
17
14
12
12
13
9
11
10
6
14
12
8
13
14
14
13
13
11
6
10
11
10
7
12
14
13
7
15
12
3
11
8
13
7
9
6
7
10
9
7
10
9
6
13
6
5
8
11
8
8
8
7
4
14
6
7
9
7
16
12
11
8
6
11
2
13
12
10
8
17
12
8
8
6
13
10
7
8
5
8
8
5
12
10
9
9
5
10
6
3
6
5
5
9
12
9
10
11
8
7
11
11
14
8
10
9
12
6
5
4
13
11
8
8
10
13
11
12
10
8
10
7
8
9
11
2
7
5
11
8
6
7
12
10
5
8
11
7
12
9
6
5
12
14
10
12
7
9
14
5
8
11
12
8
7
9
11
8
6
16
12
10
14
12
15
12
11
16
18
14
12
8
10
10
6
8
13
13
9
10
10
9
10
5
11
4
5
8
1
14
9
12
12
9
8
12
13
10
18
11
14
11
13
8
11
10
5
5
13
9
17
9
3
7
13
5
6
5
10
9
10
3
6
8
11
3
6
2
4
4
10
11
17
18
11
13
17
24
23
18
39
35
33
32
35
33
33
24
12
11
12
18
11
9
9
8
7
9
11
8
6
17
9
10
10
14
12
10
14
7
10
8
7
12
11
13
13
8
7
6
9
6
12
8
14
13
6
14
8
8
8
8
6
5
8
9
10
1
10
12
9
9
10
5
8
7
5
5
11
7
9
13
9
13
8
6
8
15
11
5
5
8
7
7
13
9
7
7
5
11
12
10
11
9
7
7
11
11
5
7
11
12
7
14
6
13
7
11
7
5
11
11
11
7
6
3
8
13
6
12
7
6
7
8
7
9
10
5
10
10
14
4
6
6
5
4
7
5
8
6
6
12
6
4
12
9
5
7
9
11
12
8
7
9
13
12
10
9
5
10
9
7
12
5
9
12
9
13
18
18
10
14
13
14
12
8
13
10
12
7
7
8
9
4
10
6
5
7
8
6
10
7
5
14
8
9
9
13
8
9
14
8
11
7
13
9
12
16
6
6
9
12
3
4
6
9
12
9
5
5
11
5
13
4
4
3
5
7
11
11
7
5
9
7
7
14
9
7
9
7
6
13
2
4
5
6
1
5
12
8
11
1
7
12
5
7
7
6
7
8
7
2
10
5
5
5
5
8
6
7
6
4
5
8
8
10
6
5
9
9
10
5
13
6
5
5
9
7
10
11
5
8
12
11
8
5
9
5
4
4
9
8
8
9
6
12
7
4
10
7
10
6
5
8
4
7
8
12
6
9
8
3
8
3
8
7
5
11
7
7
7
8
8
9
9
8
9
4
9
4
6
5
5
6
9
11
7
6
4
7
3
8
6
6
5
6
7
6
9
8
7
11
3
5
6
9
4
4
3
7
10
6
4
12
8
6
2
1
8
8
8
7
6
10
10
6
6
7
7
5
7
9
7
11
2
5
7
3
8
6
11
4
7
11
11
8
5
7
6
6
12
9
12
10
10
10
14
11
10
16
13
9
13
8
7
11
14
11
16
18
14
14
16
11
13
14
15
13
13
13
6
7
12
5
11
4
6
7
9
10
11
16
8
11
22
18
17
24
22
37
30
32
34
25
24
32
17
18
11
8
6
6
10
7
12
14
14
12
11
15
15
19
17
21
21
12
21
16
22
27
23
15
13
15
10
11
13
12
11
5
14
14
9
17
6
11
7
5
15
8
6
4
6
7
8
5
10
5
6
9
9
9
7
15
14
14
14
8
7
11
6
10
11
10
7
11
6
5
5
5
6
6
8
3
9
9
3
8
8
5
3
7
6
6
7
4
7
7
6
9
4
4
7
8
5
8
10
4
7
7
8
10
10
6
8
4
3
5
7
6
5
8
8
6
5
11
5
8
5
2
3
8
5
6
2
5
7
6
8
5
8
8
6
11
3
6
4
5
6
1
7
5
5
8
7
5
9
3
5
5
2
4
3
8
8
4
4
5
11
4
5
6
13
8
11
9
5
9
9
6
13
11
11
14
14
14
8
20
26
21
17
14
9
21
18
16
9
8
13
8
10
4
7
12
1
5
3
5
7
11
3
5
5
3
8
7
12
5
7
7
6
10
6
7
7
6
6
6
8
4
7
5
10
6
11
5
6
9
16
10
11
10
20
15
14
15
22
33
19
14
18
28
21
4
10
5
11
11
10
6
10
5
9
6
7
6
4
3
6
6
3
5
3
7
4
5
3
4
5
4
2
4
7
7
8
9
6
8
12
10
8
7
8
9
6
10
11
8
10
5
9
6
10
6
5
5
5
2
7
6
3
6
8
11
8
6
5
9
5
12
4
8
10
3
4
4
7
4
10
4
5
9
8
10
2
4
0
3
7
6
2
4
4
10
0
5
7
5
4
3
7
6
5
5
4
14
5
4
10
7
7
5
5
5
2
5
4
8
1
1
5
4
6
2
6
6
1
3
3
4
3
9
7
4
4
8
5
4
7
8
7
9
7
2
8
4
5
7
6
5
7
8
7
9
5
4
4
6
4
1
6
15
5
4
8
3
6
6
6
12
12
11
11
11
26
21
14
14
15
16
13
11
17
8
7
8
6
5
8
12
3
6
5
6
4
6
4
5
6
8
6
7
10
6
6
4
4
6
6
7
6
4
6
4
4
6
9
5
7
6
4
5
9
6
6
6
5
10
5
7
7
2
4
5
1
11
9
5
8
6
9
4
8
5
7
3
4
5
6
8
4
6
5
2
5
9
4
5
3
4
5
2
3
4
4
6
5
2
3
9
3
3
5
8
4
6
7
6
4
5
3
8
8
4
2
1
6
2
6
5
7
3
6
8
6
6
2
4
9
6
5
5
6
5
8
3
8
9
11
4
8
16
7
12
1
3
6
7
7
4
8
9
3
9
9
4
4
9
7
5
10
6
8
4
5
3
4
9
8
2
2
5
3
7
6
9
3
5
5
4
7
5
6
10
6
8
12
6
13
11
9
9
5
6
4
3
4
4
6
10
7
11
6
8
9
6
3
7
5
2
10
4
3
10
6
7
1
5
3
2
4
6
6
1
7
8
6
4
3
3
2
6
8
4
4
9
4
6
3
4
5
10
9
7
4
4
5
2
1
10
9
2
2
6
9
8
5
5
3
7
1
6
3
4
9
5
3
2
4
4
1
5
3
2
4
6
7
0
4
1
4
4
4
4
3
7
7
8
4
7
2
5
6
1
1
3
5
3
5
12
7
4
2
3
6
2
6
1
6
5
6
3
3
7
6
2
10
6
12
7
5
6
7
6
9
5
5
6
6
9
4
3
6
3
8
4
5
6
8
3
2
5
7
3
8
4
5
4
4
4
3
7
3
8
0
5
6
2
6
6
2
4
6
7
4
5
4
6
7
3
6
5
6
5
5
5
6
2
5
13
3
7
8
5
5
9
8
7
4
10
6
7
10
12
13
7
15
25
16
23
36
21
39
36
34
35
38
31
36
20
25
21
17
8
9
6
5
6
5
7
4
4
3
9
2
7
5
4
5
6
3
5
5
3
4
2
4
1
8
3
5
10
6
9
2
6
3
7
4
3
6
6
7
8
4
6
4
9
10
3
5
6
5
3
3
9
4
11
4
4
3
7
6
5
4
4
4
1
13
4
5
7
4
5
3
2
7
4
3
3
3
1
8
4
5
6
5
6
8
1
8
2
7
2
9
4
8
3
5
7
4
3
4
2
4
6
5
9
6
9
8
4
4
9
5
7
6
7
5
3
8
4
6
4
6
5
9
5
2
6
5
5
3
0
6
6
6
4
7
6
3
4
7
7
3
4
6
6
8
5
5
3
3
6
6
5
7
3
6
9
6
6
1
5
2
8
7
7
7
9
9
2
6
4
1
5
4
9
2
4
7
4
6
14
11
17
26
40
48
70
95
92
146
168
151
162
190
178
181
165
148
108
109
72
65
49
26
22
14
11
4
10
3
8
4
1
6
6
3
2
6
5
4
8
6
12
7
13
5
2
6
9
9
9
5
2
5
9
6
3
6
5
7
4
3
5
3
6
5
3
2
5
5
2
5
2
5
3
2
5
4
1
8
7
3
6
3
6
4
1
3
4
2
10
7
3
4
3
2
3
6
6
3
3
5
5
4
6
3
6
7
7
2
3
7
3
8
1
6
1
6
6
5
3
4
7
2
10
3
2
8
6
2
5
6
4
5
3
9
3
2
5
7
3
4
5
8
1
6
5
5
2
8
3
3
4
0
2
4
6
0
6
9
4
8
2
6
5
10
3
6
5
7
7
3
2
3
4
4
7
2
8
0
6
8
8
7
6
7
3
5
4
7
5
6
3
5
6
6
5
3
2
3
9
3
4
1
2
5
5
3
3
5
5
4
6
3
5
6
4
5
4
5
5
4
2
5
6
4
7
4
9
5
6
4
5
9
8
3
7
5
5
8
2
2
5
7
7
6
9
5
8
6
2
5
4
7
10
2
4
5
2
5
3
4
7
2
4
4
5
1
2
1
4
7
4
7
2
2
4
5
5
4
6
0
4
0
5
3
3
3
5
3
4
4
4
4
4
6
5
4
1
5
3
6
5
9
1
5
4
4
5
4
3
3
3
4
6
3
1
1
5
6
3
6
3
0
8
7
6
4
3
5
4
7
5
5
4
2
4
3
4
5
4
9
2
8
2
5
7
2
4
7
6
3
2
1
4
6
3
3
7
4
2
6
4
5
8
2
7
2
7
3
5
7
6
3
3
5
7
5
7
1
7
3
1
6
4
4
4
3
7
2
5
3
6
9
4
6
4
5
7
5
5
3
2
6
8
4
6
10
2
7
3
4
2
6
4
4
6
3
3
4
3
8
4
8
4
6
6
3
8
5
10
5
5
10
2
8
5
12
6
5
6
10
6
10
10
8
6
5
6
6
3
4
5
5
7
6
4
7
3
7
2
6
3
6
4
6
3
6
2
2
4
11
4
4
3
3
2
5
6
4
4
11
5
2
4
12
11
17
15
12
14
23
35
34
22
18
18
25
16
15
10
15
18
7
5
4
12
1
4
2
6
4
6
1
2
6
3
5
4
3
7
7
7
2
2
3
7
2
6
3
3
2
6
6
2
6
2
5
5
5
4
4
5
6
7
3
3
2
4
3
6
3
6
4
2
0
4
3
1
3
6
1
5
4
7
0
8
5
1
3
4
4
3
2
9
6
3
1
2
3
4
3
6
5
4
4
4
4
6
4
3
2
5
5
3
3
5
4
6
6
3
1
7
7
6
3
2
5
3
5
7
3
0
2
4
7
3
5
5
6
5
5
6
3
5
5
9
6
3
5
6
4
2
6
4
4
2
6
6
8
4
5
6
5
4
11
3
2
8
2
7
7
4
8
2
2
7
2
3
6
3
3
4
5
9
3
3
4
9
5
5
8
6
3
3
4
4
2
4
6
4
6
2
3
3
4
6
7
7
4
3
8
7
3
1
3
6
3
5
5
3
5
1
1
4
3
4
1
3
4
6
9
6
1
8
8
6
9
10
6
4
10
6
7
12
7
7
12
8
11
7
11
3
5
6
5
6
5
6
7
8
5
7
3
4
3
3
6
5
4
4
2
6
4
4
4
6
4
0
7
6
4
5
4
4
9
3
6
2
1
3
3
5
6
6
3
11
8
8
3
5
5
3
5
12
7
2
3
0
8
9
5
4
5
3
4
4
1
3
6
6
2
8
4
4
3
5
5
3
1
4
5
2
4
9
2
0
5
3
3
6
4
5
6
2
3
3
4
0
3
3
3
1
4
3
0
2
6
2
4
3
2
4
2
3
5
4
3
3
3
5
6
2
2
3
4
2
10
6
2
6
7
4
5
10
3
6
4
3
5
9
4
7
5
4
3
3
3
4
6
3
2
3
4
6
7
6
4
4
4
4
7
4
7
4
3
6
4
5
3
4
10
9
3
3
4
5
8
2
5
5
4
5
9
6
5
6
4
5
4
2
3
0
2
5
3
3
1
5
8
5
3
3
6
6
5
6
1
5
5
6
6
3
3
3
6
7
6
2
3
4
8
7
7
3
4
3
1
3
5
5
4
4
1
6
5
5
5
5
6
9
3
5
4
0
4
0
3
5
6
5
3
2
3
5
1
3
3
5
4
5
5
3
3
6
4
1
6
5
5
3
9
5
3
5
4
4
4
7
5
8
6
4
5
5
5
8
7
3
3
8
2
5
4
2
5
3
4
2
7
3
10
1
2
5
8
3
7
6
8
6
6
5
10
4
2
2
4
5
5
3
3
7
5
5
1
5
4
4
9
1
7
6
4
3
6
4
6
1
5
3
7
2
3
5
10
5
4
4
7
3
6
4
11
5
1
3
5
7
6
4
6
5
4
6
4
2
4
2
11
5
3
3
4
4
3
2
5
6
2
1
1
1
6
3
4
6
6
3
3
4
5
4
3
10
4
5
4
6
4
6
6
6
3
2
3
7
5
1
7
3
2
7
4
2
2
5
2
7
2
3
4
5
9
3
4
3
6
7
1
4
7
2
4
6
2
7
4
7
3
1
4
3
2
1
5
4
9
7
2
5
5
4
8
4
5
6
2
3
0
3
4
4
3
5
4
4
5
1
4
3
4
5
2
9
4
1
4
4
3
2
6
2
5
5
5
6
3
5
5
5
5
7
4
4
5
4
7
5
4
4
5
10
3
3
4
3
2
2
4
4
3
7
2
3
6
4
1
1
3
3
4
0
4
4
1
4
3
3
2
3
2
3
2
2
3
4
5
1
5
4
9
2
1
3
3
6
4
1
5
0
1
4
4
4
1
6
3
3
4
3
7
6
4
3
2
4
5
2
4
4
3
4
8
7
5
5
3
3
4
2
3
9
4
7
2
1
7
5
3
9
5
2
3
3
3
2
4
4
5
3
4
2
1
7
0
3
4
3
4
7
4
2
5
3
6
2
8
3
7
5
4
7
4
1
6
5
2
5
3
3
3
4
3
5
4
3
1
7
0
6
3
4
3
2
5
6
2
2
1
3
4
2
7
8
6
1
3
1
2
2
5
6
4
3
3
7
4
4
5
4
8
4
4
2
3
6
1
4
5
3
1
2
2
2
5
0
1
6
3
4
4
7
0
5
6
3
2
3
5
6
3
5
3
3
8
4
8
5
8
5
3
2
4
4
4
2
5
2
3
6
6
0
5
6
7
2
4
3
2
1
2
3
2
2
4
3
2
3
4
3
5
6
1
6
1
6
4
2
5
1
2
4
6
3
3
4
4
1
3
0
4
5
5
7
3
3
7
6
2
5
2
5
2
5
4
4
6
5
4
7
4
2
1
4
5
4
4
2
8
3
2
5
7
2
4
7
5
4
5
1
4
3
2
3
8
7
5
2
2
4
5
2
7
7
2
7
2
2
2
2
5
5
5
2
3
6
3
4
5
4
7
4
2
3
1
6
5
6
4
3
6
1
3
3
3
0
4
3
3
4
5
5
1
2
3
7
4
3
7
6
2
7
4
2
1
5
1
1
5
1
4
5
6
2
1
3
3
5
2
0
1
1
3
1
5
0
6
6
6
3
7
4
5
5
4
6
7
6
8
5
5
4
6
8
9
7
2
7
6
7
3
1
5
3
3
5
4
0
2
5
3
5
3
4
4
3
6
5
4
5
5
3
5
2
2
2
2
2
8
7
3
4
5
5
7
3
1
8
3
2
1
6
5
3
7
3
3
8
5
4
3
4
4
6
1
3
2
4
2
5
6
4
5
2
4
1
0
3
8
4
6
4
4
4
1
6
3
0
5
5
1
2
5
4
4
5
3
4
6
6
5
5
6
7
2
2
6
3
4
3
2
0
3
8
4
3
4
1
6
3
3
3
2
2
3
3
3
3
0
3
4
2
10
4
5
3
3
4
4
4
3
6
1
1
3
5
4
7
4
3
6
6
2
4
7
2
3
2
1
5
4
4
4
4
6
6
3
2
2
3
6
0
4
5
4
1
3
1
4
1
3
1
4
3
1
4
2
4
5
3
6
5
3
1
1
1
1
4
3
2
8
3
4
4
4
5
2
1
5
5
2
3
3
5
7
5
1
3
5
1
0
3
3
2
2
4
3
3
2
4
3
2
3
5
1
11
7
6
2
5
4
2
1
4
3
3
3
5
4
2
6
2
5
4
3
3
2
3
3
3
4
2
2
1
7
3
3
2
7
4
2
6
5
4
5
6
2
4
4
4
7
3
3
8
5
2
1
2
8
4
2
6
3
3
1
4
5
5
4
5
3
6
0
3
6
7
5
3
6
5
2
6
2
5
4
4
3
6
2
4
4
5
0
2
5
3
5
6
4
4
8
2
4
6
7
9
7
17
12
11
14
17
9
21
13
14
24
25
28
18
18
29
30
20
21
17
25
16
18
14
7
3
8
9
10
9
9
4
5
4
4
3
6
4
5
5
6
3
5
4
2
2
8
2
7
4
0
3
2
5
0
2
4
3
2
1
3
4
7
3
4
4
7
5
5
5
6
4
2
6
1
4
1
3
4
8
3
4
3
4
8
7
4
3
5
2
9
8
7
4
7
13
13
10
22
18
9
18
9
14
10
12
10
12
4
7
6
6
6
4
1
5
3
5
4
4
1
1
3
9
3
6
5
4
4
4
2
6
4
3
4
3
2
2
3
6
4
4
3
7
2
4
4
2
3
3
3
5
4
3
2
2
2
5
2
3
5
0
4
2
3
2
6
4
1
4
7
4
3
6
5
2
1
4
2
6
7
3
4
3
2
3
5
5
9
4
2
4
1
5
3
2
4
5
6
3
6
3
6
4
2
4
5
6
1
4
6
5
5
3
7
3
1
5
10
3
1
4
2
1
5
3
4
4
3
1
3
4
3
4
5
6
2
6
3
2
3
3
3
3
5
1
6
1
5
3
5
2
1
4
3
3
8
3
4
4
4
3
4
4
4
6
1
2
1
2
3
4
3
3
3
3
4
4
1
5
5
5
1
5
2
2
5
3
2
4
3
2
3
1
3
5
1
7
5
3
6
4
3
4
6
5
3
2
6
5
3
4
5
1
1
4
1
3
2
4
2
3
2
2
4
1
4
6
5
3
4
6
2
7
5
1
1
5
2
3
7
2
1
1
3
1
4
5
5
3
4
4
6
3
3
2
2
4
3
0
5
4
5
5
4
6
5
7
5
4
1
5
4
3
4
3
6
3
3
2
5
2
2
6
3
4
2
6
6
5
2
0
6
3
3
3
5
2
5
5
8
5
4
1
1
6
3
2
6
3
3
1
7
1
7
5
6
0
5
3
2
3
3
3
3
5
2
1
1
6
5
4
3
4
5
3
3
2
1
3
6
3
5
2
2
3
5
2
6
4
3
2
6
4
5
3
5
4
3
3
4
5
4
1
6
6
3
7
3
1
4
2
7
3
5
1
1
5
4
3
1
1
2
2
4
4
8
8
2
3
3
5
2
5
1
5
4
1
3
3
2
1
2
2
4
6
2
5
4
7
6
3
3
0
2
6
4
2
3
2
2
2
6
4
3
4
10
2
11
2
3
4
0
5
3
3
5
2
7
7
5
3
5
1
5
4
1
4
4
2
4
1
3
0
7
3
5
4
3
0
0
3
6
2
3
2
2
3
6
4
2
4
3
6
7
2
5
5
2
5
3
3
5
5
5
13
15
19
26
22
25
30
29
56
53
45
51
52
47
42
32
23
26
28
19
11
10
7
10
8
6
3
5
1
12
5
6
5
1
2
2
5
6
7
3
4
1
1
2
3
3
3
1
6
6
3
1
2
1
4
5
8
3
5
1
5
3
4
3
3
1
3
4
4
2
1
3
4
1
6
6
3
3
6
4
1
6
4
5
8
4
7
6
3
6
4
3
2
8
5
4
4
3
1
5
2
3
6
4
3
2
6
4
5
4
4
5
4
2
5
3
8
7
8
8
5
4
6
4
5
6
8
2
8
5
5
5
5
8
6
4
2
4
5
5
3
5
3
3
1
4
6
5
8
2
4
3
1
3
5
5
5
5
3
4
3
3
3
4
5
1
4
7
3
6
4
4
4
6
3
7
2
5
4
9
4
4
2
4
2
0
3
6
4
5
5
3
3
3
6
2
7
2
3
2
6
4
2
7
3
5
3
6
6
4
5
7
3
5
2
3
7
2
2
3
6
2
3
2
5
1
4
6
2
0
0
2
1
3
1
3
3
8
3
0
3
4
1
7
4
7
1
3
6
3
3
4
3
4
3
1
2
5
4
2
3
4
10
0
6
4
4
2
3
3
3
5
3
4
7
6
4
5
6
2
7
4
1
6
4
4
2
2
4
3
3
1
4
1
2
3
5
5
3
6
13
3
3
2
3
1
3
2
3
3
1
2
4
4
4
0
2
0
4
4
4
7
1
7
7
4
4
3
3
5
4
6
2
0
6
9
3
4
5
1
3
2
3
8
7
3
3
5
3
2
3
3
6
5
2
5
5
5
3
6
4
1
7
3
5
3
4
6
2
2
4
5
3
6
4
5
6
9
6
3
3
5
4
4
1
1
2
3
3
5
3
5
1
4
5
0
3
1
4
3
4
5
7
3
3
4
3
4
3
2
3
5
2
6
0
3
1
4
5
6
3
7
0
8
2
1
2
4
6
3
7
0
6
1
4
7
2
3
4
6
6
1
2
2
6
3
7
0
7
6
7
2
3
6
2
2
2
6
8
6
5
6
4
7
4
1
2
7
4
2
5
2
2
5
1
4
6
2
6
9
6
4
1
4
6
5
3
7
4
3
0
2
5
1
4
3
3
2
5
7
2
3
4
6
7
5
6
3
5
7
3
3
5
4
4
2
2
7
4
6
3
6
0
10
6
8
5
7
5
3
10
9
9
4
11
2
1
3
4
6
4
4
3
6
6
4
4
7
1
8
2
4
3
2
1
2
2
1
6
3
2
3
0
4
6
5
2
3
5
2
3
4
1
1
2
3
1
2
3
3
1
2
3
2
1
1
1
0
2
1
1
2
2
0
2
3
3
4
2
0
3
3
2
1
2
1
1
2
2
3
3
2
1
2
2
2
3
1
3
4
1
3
5
1
2
0
0
2
1
1
2
1
3
1
2
1
2
2
1
2
2
2
2
2
2
1
3
2
0
1
0
0
1
0
1
3
1
0
3
0
3
3
0
2
0
2
0
2
1
3
2
1
2
0
0
5
2
1
2
3
1
1
0
2
1
0
0
0
0
0
1
0
2
1
1
0
2
1
1
4
0
0
0
0
0
1
0
7
0
2
1
0
0
0
0
1
0
0
0
1
1
1
0
1
1
0
2
0
1
1
1
2
3
1
1
1
0
3
2
2
0
1
0
4
1
1
0
2
0
3
1
0
0
1
0
1
0
0
2
1
0
0
0
0
0
0
2
0
0
0
3
0
1
2
1
2
0
0
0
0
0
1
0
0
0
0
0
0
0
0
2
1
1
1
0
1
0
1
1
0
0
2
0
1
2
0
0
1
1
2
1
0
0
0
0
0
1
1
1
1
2
1
0
1
0
0
0
1
1
1
0
1
0
0
2
1
2
0
0
1
1
2
1
2
1
0
1
0
1
0
0
0
0
0
0
2
0
1
2
1
0
0
0
3
0
0
2
1
0
0
0
1
0
0
0
0
1
0
0
0
0
0
0
1
1
0
1
1
0
0
0
0
0
2
2
0
0
1
0
0
0
0
0
3
1
0
1
0
0
1
0
0
0
0
0
0
0
2
1
1
0
0
0
0
0
1
0
0
0
0
0
0
0
0
0
0
0
0
1
0
0
0
0
0
0
0
0
0
0
0
0
0
0
0
0
1
0
0
0
1
0
0
0
0
0
1
0
0
0
1
0
0
0
0
0
0
0
0
0
0
1
0
0
1
0
0
0
0
0
0
0
0
1
0
0
0
0
1
0
0
0
0
0
0
0
0
0
0
0
1
0
0
0
0
1
0
0
0
0
0
0
0
0
0
1
0
0
0
0
1
0
0
0
0
1
0
0
0
0
0
0
0
0
0
0
1
0
0
0
0
0
0
0
0
0
0
0
0
0
1
0
0
0
1
0
0
0
0
1
0
1
1
0
0
0
0
0
0
0
0
0
0
0
0
0
1
0
0
0
1
0
0
0
0
0
0
0
0
0
0
0
0
0
0
0
1
0
0
0
0
0
0
0
0
0
0
0
0
1
0
0
1
0
0
0
0
0
0
0
0
0
0
0
0
0
0
0
0
0
0
0
0
0
0
0
0
0
0
0
0
0
0
0
0
0
0
0
0
0
0
0
1
0
0
0
0
0
0
0
0
0
0
0
0
0
0
0
0
0
0
0
0
0
0
0
0
0
0
0
0
0
0
0
0
0
0
0
0
0
0
0
0
0
0
0
0
0
0
0
0
0
0
0
0
0
0
0
0
0
0
0
0
0
0
0
1
0
0
0
0
0
0
0
0
0
0
0
0
0
0
0
0
0
0
0
0
0
0
0
0
0
0
0
0
0
0
0
0
0
0
0
0
0
0
0
0
0
0
0
0
0
0
0
0
0
0
0
0
0
0
0
0
0
0
0
0
0
0
0
0
0
0
0
0
0
0
0
0
0
0
0
0
0
0
0
0
0
0
0
0
0
0
0
0
0
0
0
0
0
0
0
0
0
0
0
0
0
1
0
0
0
0
0
0
0
0
0
0
0
0
0
0
0
0
0
0
0
0
0
0
0
0
0
0
0
0
0
0
0
0
0
0
0
0
0
0
0
0
0
0
0
0
0
0
0
0
0
0
0
0
0
0
0
0
0
0
0
0
0
0
0
0
0
0
0
0
0
0
0
0
0
0
0
0
0
0
0
0
0
0
0
0
0
0
0
0
0
0
0
0
0
0
0
0
0
0
0
0
0
0
0
0
0
0
0
0
0
0
0
0
0
0
0
0
0
0
0
0
0
0
0
0
0
0
0
0
0
0
0
0
0
0
0
0
0
0
0
0
0
0
0
0
0
0
0
0
0
0
0
0
0
0
0
0
0
0
0
0
0
0
0
0
0
0
0
0
0
0
0
0
0
0
0
0
0
0
0
0
0
0
0
0
0
0
0
0
0
0
0
0
0
0
0
0
0
0
0
0
0
0
0
0
0
0
0
0
0
0
0
0
0
0
0
0
0
0
0
0
0
0
0
0
0
0
0
0
0
0
0
0
0
0
0
0
0
0
0
0
0
0
0
0
0
0
0
0
0
0
0
0
0
0
0
0
0
0
0
0
0
0
0
0
0
0
0
0
0
0
0
0
0
0
0
0
0
0
0
0
0
0
0
0
0
0
0
0
0
0
0
0
0
0
0
0
0
0
0
0
0
0
0
0
0
0
0
0
0
0
0
0
0
0
0
0
0
0
0
0
0
0
0
0
0
0
0
0
0
0
0
0
0
0
0
0
0
0
0
0
0
0
0
0
0
0
0
0
0
0
0
0
0
0
0
0
0
0
0
0
0
0
0
0
0
0
0
0
0
0
0
0
0
0
0
0
0
0
0
0
0
0
0
0
0
0
0
0
0
0
0
0
0
0
0
0
0
0
0
0
0
0
0
0
0
0
0
0
0
0
0
0
0
0
0
0
0
0
0
0
0
0
0
0
0
0
0
0
0
0
0
0
0
0
0
0
0
0
0
0
0
0
0
0
0
0
0
0
0
0
0
0
0
0
0
0
0
0
0
0
0
0
0
0
0
0
0
0
0
0
0
0
0
0
0
0
0
0
0
0
0
0
0
0
0
0
0
0
0
0
0
0
0
0
0
0
0
0
0
0
0
0
0
0
0
0
0
0
0
0
0
0
0
0
0
0
0
0
0
0
0
0
0
0
0
0
0
0
0
0
0
0
0
0
0
0
0
0
0
0
0
0
0
0
0
0
0
0
0
0
0
0
0
0
0
0
0
0
0
0
0
0
0
0
0
0
0
0
0
0
0
0
0
0
0
0
0
0
0
0
0
0
0
0
0
0
0
0
0
0
0
0
0
0
0
0
0
0
0
0
0
0
0
0
0
0
0
0
0
0
0
0
0
0
0
0
0
0
0
0
0
0
0
0
0
0
0
0
0
0
0
0
0
0
0
0
0
0
0
0
0
0
0
0
0
0
0
0
0
0
0
0
0
0
0
0
0
0
0
0
0
0
0
0
0
0
0
0
0
0
0
0
0
0
0
0
0
0
0
0
0
0
0
0
0
0
0
0
0
0
0
0
0
0
0
0
0
0
0
0
0
0
0
0
0
0
0
0
0
0
0
0
0
0
0
0
0
0
0
0
0
0
0
0
0
0
0
0
0
0
0
0
0
0
0
0
0
0
0
0
0
0
0
0
0
0
0
0
0
0
0
0
0
0
0
0
0
0
0
0
0
0
0
0
0
0
0
0
0
0
0
0
0
0
0
0
0
0
0
0
0
0
0
0
0
0
0
0
0
0
0
0
0
0
0
0
0
0
0
0
0
0
0
0
0
0
0
0
0
0
0
0
0
0
0
0
0
0
0
0
0
0
0
0
0
0
0
0
0
0
0
0
0
0
0
0
0
0
0
0
0
0
0
0
0
0
0
0
0
0
0
0
0
0
0
0
0
0
0
0
0
0
0
0
0
0
0
0
0
0
0
0
0
0
0
0
0
0
0
0
0
0
0
0
0
0
0
0
0
0
0
0
0
0
0
0
0
0
0
0
0
0
0
0
0
0
0
0
0
0
0
0
0
0
0
0
0
0
0
0
0
0
0
0
0
0
0
0
0
0
0
0
0
0
0
0
0
0
0
0
0
0
0
0
0
0
0
0
0
0
0
0
0
0
0
0
0
0
0
0
0
0
0
0
0
0
0
0
0
0
0
0
0
0
0
0
0
0
0
0
0
0
0
0
0
0
0
0
0
0
0
0
0
0
0
0
0
0
0
0
0
0
0
0
0
0
0
0
0
0
0
0
0
0
0
0
0
0
0
0
0
0
0
0
0
0
0
0
0
0
0
0
0
0
0
0
0
0
0
0
0
0
0
0
0
0
0
0
0
0
0
0
0
0
0
0
0
0
0
0
0
0
0
0
0
0
0
0
0
0
0
0
0
0
0
0
0
0
0
0
0
0
0
0
0
0
0
0
0
0
0
0
0
0
0
0
0
0
0
0
0
0
0
0
0
0
0
0
0
0
0
0
0
0
0
0
0
0
0
0
0
0
0
0
0
0
0
0
0
0
0
0
0
0
0
0
0
0
0
0
0
0
0
0
0
0
0
0
0
0
0
0
0
0
0
0
0
0
0
0
0
0
0
0
0
0
0
0
0
0
0
0
0
0
0
0
0
0
0
0
0
0
0
0
0
0
0
0
0
0
0
0
0
0
0
0
0
0
0
0
0
0
0
0
0
0
0
0
0
0
0
0
0
0
0
0
0
0
0
0
0
0
0
0
0
0
0
0
0
0
0
0
0
0
0
0
0
0
0
0
0
0
0
0
0
0
0
0
0
0
0
0
0
0
0
0
0
0
0
0
0
0
0
0
0
0
0
0
0
0
0
0
0
0
0
0
0
0
0
0
0
0
0
0
0
0
0
0
0
0
0
0
0
0
0
0
0
0
0
0
0
0
0
0
0
0
0
0
0
0
0
0
0
0
0
0
0
0
0
0
0
0
0
0
0
0
0
0
0
0
0
0
0
0
0
0
0
0
0
0
0
0
0
0
0
0
0
0
0
0
0
0
0
0
0
0
0
0
0
0
0
0
0
0
0
0
0
0
0
0
0
0
0
0
0
0
0
0
0
0
0
0
0
0
0
0
0
0
0
0
0
0
0
0
0
0
0
0
0
0
0
0
0
0
0
0
0
0
0
0
0
0
0
0
0
0
0
0
0
0
0
0
0
0
0
0
0
0
0
0
0
0
0
0
0
0
0
0
0
0
0
0
0
0
0
0
0
0
0
0
0
0
0
0
0
0
0
0
0
0
0
0
0
0
0
0
0
0
0
0
0
0
0
0
0
0
0
0
0
0
0
0
0
0
0
0
0
0
0
0
0
0
0
0
0
0
0
0
0
0
0
0
0
0
0
0
0
0
0
0
0
0
0
0
0
0
0
0
0
0
0
0
0
0
0
0
0
0
0
0
0
0
0
0
0
0
0
0
0
0
0
0
0
0
0
0
0
0
0
0
0
0
0
0
0
0
0
0
0
0
0
0
0
0
0
0
0
0
0
0
0
0
0
0
0
0
0
0
0
0
0
0
0
0
0
0
0
0
0
0
0
0
0
0
0
0
0
0
0
0
0
0
0
0
0
0
0
0
0
0
0
0
0
0
0
0
0
0
0
0
0
0
0
0
0
0
0
0
0
0
0
0
0
0
0
0
0
0
0
0
0
0
0
0
0
0
0
0
0
0
0
0
0
0
0
0
0
0
0
0
0
0
0
0
0
0
0
0
0
0
0
0
0
0
0
0
0
0
0
0
0
0
0
0
0
0
0
0
0
0
0
0
0
0
0
0
0
0
0
0
0
0
0
0
0
0
0
0
0
0
0
0
0
0
0
0
0
0
0
0
0
0
0
0
0
0
0
0
0
0
0
0
0
0
0
0
0
0
0
0
0
0
0
0
0
0
0
0
0
0
0
0
0
0
0
0
0
0
0
0
0
0
0
0
0
0
0
0
0
0
0
0
0
0
0
0
0
0
0
0
0
0
0
0
0
0
0
0
0
0
0
0
0
0
0
0
0
0
0
0
0
0
0
0
0
0
0
0
0
0
0
0
0
0
0
0
0
0
0
0
0
0
0
0
0
0
0
0
0
0
0
0
0
0
0
0
0
0
0
0
0
0
0
0
0
0
0
0
0
0
0
0
0
0
0
0
0
0
0
0
0
0
0
0
0
0
0
0
0
0
0
0
0
0
0
0
0
0
0
0
0
0
0
0
0
0
0
0
0
0
0
0
0
0
0
0
0
0
0
0
0
0
0
0
0
0
0
0
0
0
0
0
0
0
0
0
0
0
0
0
0
0
0
0
0
0
0
0
0
0
0
0
0
0
0
0
0
0
0
0
0
0
0
0
0
0
0
0
0
0
0
0
0
0
0
0
0
0
0
0
0
0
0
0
0
0
0
0
0
0
0
0
0
0
0
0
0
0
0
0
0
0
0
0
0
0
0
0
0
0
0
0
0
0
0
0
0
0
0
0
0
0
0
0
0
0
0
0
0
0
0
0
0
0
0
0
0
0
0
0
0
0
0
0
0
0
0
0
0
0
0
0
0
0
0
0
0
0
0
0
0
0
0
0
0
0
0
0
0
0
0
0
0
0
0
0
0
0
0
0
0
0
0
0
0
0
0
0
0
0
0
0
0
0
0
0
0
0
0
0
0
0
0
0
0
0
0
0
0
0
0
0
0
0
0
0
0
0
0
0
0
0
0
0
0
0
0
0
0
0
0
0
0
0
0
0
0
0
0
0
0
0
0
0
0
0
0
0
0
0
0
0
0
0
0
0
0
0
0
0
0
0
0
0
0
0
0
0
0
0
0
0
0
0
0
0
0
0
0
0
0
0
0
0
0
0
0
0
0
0
0
0
0
0
0
0
0
0
0
0
0
0
0
0
0
0
0
0
0
0
0
0
0
0
0
0
0
0
0
0
0
0
0
0
0
0
0
0
0
0
0
0
0
0
0
0
0
0
0
0
0
0
0
0
0
0
0
0
0
0
0
0
0
0
0
0
0
0
0
0
0
0
0
0
0
0
0
0
0
0
0
0
0
0
