6725 90
6726 98
6727 94
6728 75
6729 87
6730 73
6731 66
6732 64
6733 80
6734 66
6735 71
6736 62
6737 81
6738 85
6739 86
6740 67
6741 79
6742 78
6743 74
6744 81
6745 79
6746 68
6747 74
6748 71
6749 65
6750 77
6751 71
6752 63
6753 65
6754 83
6755 63
6756 76
6757 67
6758 65
6759 76
6760 70
6761 62
6762 64
6763 77
6764 73
6765 76
6766 81
6767 80
6768 88
6769 75
6770 65
6771 75
6772 65
6773 91
6774 77
6775 71
6776 61
6777 78
6778 57
6779 64
6780 81
6781 74
6782 76
6783 59
6784 80
6785 76
6786 70
6787 79
6788 74
6789 69
6790 78
6791 89
6792 73
6793 83
6794 71
6795 87
6796 82
6797 78
6798 68
6799 62
6800 73
6801 82
6802 75
6803 53
6804 81
6805 76
6806 71
6807 70
6808 84
6809 112
6810 97
6811 153
6812 202
6813 315
6814 483
6815 764
6816 1276
6817 1915
6818 2672
6819 3826
6820 5048
6821 6397
6822 7661
6823 8684
6824 9208
6825 9209
6826 9014
6827 8127
6828 7151
6829 5868
6830 4533
6831 3348
6832 2406
6833 1681
6834 1106
6835 709
6836 465
6837 302
6838 195
6839 136
6840 102
6841 83
6842 68
6843 63
6844 54
6845 61
6846 70
6847 66
6848 61
6849 66
6850 50
6851 77
6852 60
6853 62
6854 77
6855 53
6856 64
6857 59
6858 60
6859 60
6860 59
6861 55
6862 65
6863 61
6864 67
6865 59
6866 53
6867 71
6868 60
6869 65
6870 66
6871 58
6872 65
6873 69
6874 71
6875 56
6876 54
6877 51
6878 79
6879 71
6880 62
6881 47
6882 63
6883 47
6884 52
6885 49
6886 64
6887 58
6888 67
6889 65
6890 69
6891 54
6892 52
6893 67
6894 61
6895 51
6896 60
6897 58
6898 63
6899 56
6900 50
6901 70
6902 53
6903 56
6904 69
6905 60
6906 50
6907 44
6908 51
6909 52
6910 63
6911 54
6912 52
6913 47
6914 49
6915 59
6916 72
6917 57
6918 42
6919 64
6920 53
6921 63
6922 34
6923 49
6924 64
6925 46
