7651 26
7652 20
7653 19
7654 21
7655 31
7656 27
7657 32
7658 20
7659 17
7660 26
7661 21
7662 30
7663 27
7664 24
7665 22
7666 22
7667 16
7668 19
7669 27
7670 18
7671 21
7672 28
7673 16
7674 17
7675 17
7676 16
7677 20
7678 20
7679 16
7680 22
7681 16
7682 17
7683 26
7684 23
7685 26
7686 15
7687 18
7688 21
7689 24
7690 16
7691 26
7692 22
7693 22
7694 14
7695 26
7696 19
7697 15
7698 25
7699 24
7700 24
7701 26
7702 29
7703 21
7704 15
7705 23
7706 30
7707 31
7708 30
7709 35
7710 25
7711 31
7712 20
7713 12
7714 24
7715 19
7716 20
7717 23
7718 24
7719 22
7720 23
7721 25
7722 30
7723 18
7724 25
7725 29
7726 26
7727 27
7728 25
7729 30
7730 23
7731 27
7732 26
7733 31
7734 41
7735 36
7736 59
7737 86
7738 148
7739 210
7740 370
7741 591
7742 943
7743 1419
7744 2076
7745 2950
7746 3884
7747 4954
7748 5899
7749 7058
7750 7669
7751 8129
7752 8017
7753 7724
7754 6939
7755 6083
7756 4999
7757 3849
7758 2971
7759 2059
7760 1363
7761 924
7762 533
7763 337
7764 215
7765 111
7766 77
7767 48
7768 32
7769 27
7770 20
7771 17
7772 16
7773 20
7774 12
7775 23
7776 23
7777 18
7778 9
7779 19
7780 30
7781 17
7782 17
7783 18
7784 13
7785 19
7786 17
7787 20
7788 15
7789 15
7790 17
7791 9
7792 10
7793 13
7794 16
7795 18
7796 15
7797 19
7798 18
7799 16
7800 12
7801 20
7802 13
7803 13
7804 12
7805 19
7806 14
7807 14
7808 18
7809 20
7810 15
7811 13
7812 24
7813 10
7814 11
7815 12
7816 10
7817 18
7818 11
7819 15
7820 16
7821 11
7822 16
7823 9
7824 10
7825 15
7826 9
7827 20
7828 11
7829 18
7830 12
7831 13
7832 18
7833 13
7834 13
7835 10
7836 21
7837 19
7838 14
7839 19
7840 15
7841 18
7842 12
7843 10
7844 7
7845 18
7846 15
7847 14
7848 11
7849 21
7850 10
7851 15
